1102005663
1121034323
1121035850
1121047802
1102005444
1102006437
1121049276
1121045827
1102005321
9700500037
1121036963
1121033497
1121036167
1102005145
1121020798
1102005710
1102006353
1102006481
1102005331
1121032425
1121037066
1121027394
1121016379
1121020068
1102006118
1102005942
1121046239
1102004077
1102006016
1121016272
1121031712
1121046610
1102006416
1102005433
1121036930
1121034964
1102003388
1121047855
1121048004
1121027662
1102003880
1102005984
1102006862
1121011756
1102003850
1102005792
1121016744
1102003811
1121030458
1121046486
1102003900
1102003186
1121045897
1102005521
1121047774
1102004148
1102006510
1121031781
1121022730
1121031858
1121045790
1102006921
1121020802
1102006461
1121046747
1102004066
1121026052
1121029559
1121021617
1102006723
1121045427
1121018567
1102005537
1102003407
1102006456
1121046732
1121046410
1102006839
1102004028
1102006176
1102004068
1102006669
1102006707
1102006779
1102006060
1121046992
1102005509
1121025388
1121049088
1121029310
1121047884
1102006045
1121044401
1121021820
1121010228
1102006553
1121011873
1101006530
1121013885
1121034356
1102006386
9700500069
1121028762
1121047888
1121045026
1102006472
1121016941
1121047626
1102004619
1102005576
1121047261
1102003438
1121027657
1121046194
1102006885
1102005637
1102005707
1102006428
1121047183
1102006186
1102005397
1121044864
1121047840
1102004369
1121032872
1121045701
1121025688
1102006424
1121009253
1121016574
1102006328
1121015177
1121045652
1102006567
1121032054
1121035553
1102004267
1102006136
1121019090
1121047607
1102004341
1102005007
1102005862
1102000014
1121045207
1102006255
1102006218
1121045622
1102006798
1102005297
1121010915
1121033599
1102006270
1121028955
1102003581
1121047105
1121045682
1121031525
1121033564
1102006148
1121022983
1102004353
1102006277
1121034298
1121035534
1121045472
1102005343
1102005483
1102005091
1121025786
1102006530
1121033527
1121006408
1121032125
1121023676
1121047971
1121047212
1121033577
1102004040
1102005564
1102004382
1121030773
1121044993
1101014548
1121030591
1121033197
1121034180
1102004751
1102006447
1102006008
1121036038
1121045748
1102006047
1102005630
1102005967
1121044776
1121034181
9700001331
1102003786
1121023845
1121044854
1121025648
1102004603
1121029890
1121012806
1102005629
1121044856
1102005803
1121016107
1121046987
1121036867
1121043031
1121031768
1121009674
1102003219
1121024886
1121010310
1121045031
1121036298
1102004072
1102003832
1102004417
1102005840
1102005277
1121021209
1121016993
1121044466
1121031266
1121022308
1121047110
1121028616
1121020134
1102006228
1121037037
1102005101
1102006173
1121020973
1121023975
1121017318
1121022704
1121032134
1121048610
1121007955
1102006561
1102005685
1121047035
1102005768
1102003308
1102004530
1102006299
1121022702
1102006203
1102003640
1121045810
1102006949
1121020925
1121028023
1121027042
1121048883
1102005544
1121033051
1102006251
1102005675
1102005301
1121028218
1101014514
1121036909
1102003761
1121028001
1121046589
1121025328
1121045399
1121046005
1102006188
1121046720
1102003312
1121034053
1102005805
1102006552
1121032918
1102004730
1121044173
1121023930
1121013017
1101014263
1102004858
1102005110
1121046424
1121046742
1121049169
1121046338
1102005353
1121047659
1121034709
1121047700
1102006631
1121032502
1102005771
1102005660
1121034835
1121030394
1121047623
1121044839
1121028624
1121046968
1102006739
1121048297
1121030768
1101014554
1121030504
1102006769
1102004783
1102005568
1121033989
1102005713
1121027357
1102005924
1121048013
1121030637
1121021168
1121032084
1121047221
1121036270
1102005186
1102004294
1121018841
1121029540
1121011735
1121036624
1121016106
1102006874
1121029926
1102005489
1121033360
1102006264
1102004135
1121035766
1102005171
1102006004
1121048202
1102007024
1121010958
1102006617
1121047444
1121047673
1121009399
1121045788
1102005766
1102005196
1102007046
1102004910
1102003119
1102006697
1121047864
1121049198
1102006102
1102003908
1121045146
1121046533
1102003677
1121011386
1121024090
1102004119
1121047811
1102006351
1102005614
1121044668
1121046288
1102006418
1121017406
1121046293
1121035177
1121046897
1121027841
1121032498
1121025185
1102004853
1121033707
1121026356
1102003450
1121017255
1121035586
1102006805
1121044834
1121026071
1102005851
1102004103
1121032214
1121047581
1102005120
1102006641
1102005676
1121009764
1121046945
1102005905
1102006410
1121047686
1121025032
1102003913
1102006612
1121031750
1102006077
1121033946
1102003397
1121047620
1121036911
1102005826
1102005206
1121011233
1121046964
1102006518
1102004942
1121047934
1102006451
1121020537
1102003449
1102006765
1121020453
1101003041
1121014021
1121036043
1121044402
1102005118
1121008117
1102006575
1102005650
1121028814
1121049278
1121008736
1102005872
1102005016
1102006738
1102005461
1121047999
1102004818
1102005051
1121016110
1102006282
1102006134
1121049443
1121047025
1102005822
1102005085
1102003686
1121049316
1121032590
1121045578
1121047962
1121030328
1121028004
1102005969
1102005922
1102006929
1121034750
1102003380
1102005328
1121049221
1121047079
1102005814
1102006415
1121035093
1102006206
1102003521
1121021088
1121014321
1121010956
1102003605
1102005558
1102005192
1121045706
1121045746
1102005148
1102004882
1121032635
1121035211
1102005810
1102003696
1121033501
1121045552
1102005715
1121007643
1121045455
1121045411
1121047291
1102005375
1102006758
1102003114
1121023055
1102006023
1102005294
1102004297
1121036276
1121031264
1102004157
1102005651
1121047179
1102006150
1121048568
1121033500
1102006320
1121046286
1121036216
1121027960
1121012583
1102006768
1121047771
1121047180
1121044308
1121013134
1102004414
1121045677
1121046321
1121031396
1102006771
1102005341
1102006071
1121044857
1121022784
1121019051
1121046541
1102005379
1102004245
1102003852
1121012401
1102005994
1102005199
1121024819
1102006682
1121046349
1102004924
1102006908
1102006426
1121044556
1102004170
1121031394
1121017554
1121047653
1121049222
1121046517
1102006889
1121036275
1102005968
1101014549
1121045775
1102005531
1121046105
1121047983
1102006432
1121026794
1121047918
1102006896
1102003386
1121031815
1121035688
1121021629
1121046784
1102003342
1121046016
1102005230
1121049293
1102005930
1102005552
1121016273
1102006478
1121046892
1121007321
1121009099
1121035478
1121010912
1102005219
1121031727
1121010872
1121036352
1121029753
1121047220
1121048006
1102006648
1121029669
1121046895
1121045585
1102005252
1121036677
1121029354
1102006234
1121047951
1121047242
1102005981
1102004499
1121027041
1121033123
1121044035
1102006300
1121044853
1102005149
1121014022
1102005084
1121047021
1102005130
1121013492
1121011941
1121021878
1121036497
1121047894
1121014659
1121018729
1102006222
1121030474
1102006790
1121036234
1121044085
1102005616
1102004363
1121049000
1121047013
1121046698
1121029357
1121013059
1121046560
1102006165
1121035187
1121010503
1102006479
1121046229
1102006822
1121031869
1121034708
1102006444
1102005210
1102005524
1121026075
1121022459
1102004309
1121035733
1102005917
1102003866
1121027967
1121045831
1121047966
1121017553
1102006401
1102003276
1102006036
1121048101
1121034022
1102004695
1121025093
1102006092
1121049206
1121030987
1121046280
1102004807
1102004221
1121028994
1102004449
1121035784
1121030867
1121036538
1121032291
1121030470
1102006797
1121016585
1121011658
1102006705
1121025035
1102005269
1121032964
1102006643
1102006652
1102005807
1121033952
1121045333
1102004545
1101000837
1121033704
1102003797
1121046258
1121017253
1121045152
1121047908
1102006419
1121009402
1102004178
1121045356
1121035346
1121047672
1102006231
1102004725
1121046414
1121026973
1102004598
1102005844
1121023548
1121029280
1102005275
1102005590
1102003762
1121049254
1121047980
1121025189
1121045835
1121028356
1102005752
1121036702
1121047861
1121036403
1121047018
1121045519
1121032483
1121036591
1102003827
1121045595
1121033456
1102006417
1121032719
1121033850
1121024139
1101004146
1121031382
1102005873
1102004395
1102005320
1102006389
1102006117
1102006086
1102005224
1121019983
1102006613
1121035169
1121031939
1102006505
1102003191
1121030719
1102003149
1102004816
1121031491
1102003385
1102003410
1102003193
1102006457
1121047348
1102005383
1121044518
1121033711
1102005011
1121022235
1121027056
1121031935
1121035118
1121022600
1102003373
1102004706
1121013328
1121044847
1121020452
1121019091
1121018659
1121036617
1121046622
1121025376
1121023851
1102006223
1102004946
1102003936
1121032230
1121024563
1102006471
1102005152
1102006074
1102003848
1102003817
1101013004
1102006833
1121022885
1121013581
1121007073
1121033633
1102004139
1121014564
1121009533
1102003241
1121031050
1102004797
1102003384
1121044146
1121022706
1121044552
1121019585
1102005228
1121032470
1121047961
1102006387
1102004623
1102004551
1121045737
1121033853
1121018663
1121046447
1102003921
1121016579
1102004209
1121033837
1102005825
1102006696
1121017965
1121010113
1102006755
1102004400
1121036862
1102004329
1121040071
1121047231
1102004766
1121044246
1102005989
1102005245
1121049305
1101014571
1121045153
1102006068
1102004127
1121036772
1121032129
1102003674
1121047200
1121045908
1121023534
1121013569
1121045205
1121045112
1102003775
1101014563
1121046451
1121017541
1121034012
1102006842
1121047946
1121009882
1121027220
1121015821
1121036959
1121044535
1102004280
1121045243
1121028953
1121045896
1102003511
1121013541
1121034050
1121018063
1102005754
1102005812
1102006035
1121020970
1121044516
1102006840
1102004692
1121044420
1121048537
1121024827
1121034297
1102004210
1102003494
1121034078
1102003337
1102004821
1121017709
1121046092
1121046887
1121024328
1102006736
1102003382
1121045180
1121047233
1121046810
1121012811
1121047489
1102003344
1102005112
1121045279
1121012148
1121031933
1121007438
1102005466
1121045113
1102003215
1121045479
1121044619
1102006066
1121019977
1102005037
1121013575
1102006229
1102006919
1121024002
1102003187
1121035357
1121046881
1121032484
1121044482
1121046817
1121020723
1102006650
1121033221
1121027104
1121014095
1121044671
1102004822
1121046850
1121047323
1102004009
1121047445
1101005261
1102005688
1121044609
1102005846
1121048171
1121045268
1121035732
1121046289
1102006450
1121035764
1121033071
1102004152
1102005619
1121011227
1121030039
1102004720
1102004136
1121046002
1102005311
1121046725
1121016510
1121013327
1102004405
1121025613
1102003262
1102003518
1121045669
1121035908
1121049216
1102003902
1102003591
1121001860
1121047795
1102005260
1102003429
1121035212
1121036500
1121029460
1102005200
1102006113
1102004117
1121035547
1121023049
1121046315
1102006565
1121024972
1102006026
1121032610
1121030067
1121045632
1121017641
1102006406
1102006670
1102004671
1102003301
1102006061
1102005780
1102003527
1121034775
1121047741
1121049241
1101014558
1121045522
1102006844
1102005420
1121034503
1121047358
1121009879
1121045753
1121023543
1102004365
1102005163
1121046282
1121021752
1121035520
1102006546
1121021348
1121047982
1102006498
1102003584
1102004000
1121020949
1121007221
1121044084
1121035289
1121044782
1121045734
1102004376
1121046143
1102006287
1121029223
1121047806
1121034618
1102004926
1121034369
1121034583
1121035054
1121017638
1121019979
1121036965
1121029729
1121049213
1102003257
1121034733
1102005724
1102006309
1102005623
1102004994
1102003901
1102006240
1102006129
1102006898
1102003352
1102005402
1121045047
1121013133
1121045330
1102005907
1121022764
1102006934
1121031461
1121013308
1121047892
1102003882
1121008522
1102005376
1102005207
1102006734
1121026755
1102005657
1121020433
1121036848
1121006974
1102004319
1102005609
1121032039
1102005205
1121031065
1121030306
1102005700
1121047256
1102004076
1121047636
1121034662
1121047952
1121035217
1121036303
1121047883
1102006802
1102003954
1102005720
1102006836
1121044812
1121026328
1121046794
1121044446
1121018569
1121020801
1102005732
1121031129
1102003712
1121020976
1121047074
1121016946
1102006019
1121049102
1121044564
1121036583
1102006821
1102006288
1102003818
1102006142
1102003303
1102006642
1102003479
1121031813
1121047576
1102005023
1121034537
1121014993
1121044154
1121030299
1102005600
1121033941
1121046124
1121028303
1121047132
1102003840
1121036355
1121017893
1121040074
1102006155
1102005289
1102006764
1121033836
1121032223
1102003983
1121036032
1121034185
1102006854
1121024145
1102005668
1121032988
1121010890
1121044361
1102006210
1102004528
1102005796
1121046903
1121047214
1121022700
1102006399
1121027082
1102004724
1121012883
1102004883
1121047366
1121018477
1102004589
1121048035
1102005697
1121017558
1121032786
1121046207
1121047439
1102006809
1102005832
1121013572
1121045217
1121047234
1102006243
1121029825
1121001411
1121014468
1121048377
1121031799
1121045891
1121047845
1121046649
1102004753
1121045783
1102006161
1121020447
1121032105
1102005350
1121047895
1121049243
1102006615
1121012842
1102003198
1102005365
1121046896
1102005202
1102005598
1102005414
1121012048
1121045531
1121019348
1121032720
1102003122
1121045052
1121046941
1121014622
1102003781
1121026932
1121031770
1121046151
1121033317
1102004911
1121014023
1102005035
1121017540
1121034847
1121003885
1121025149
1121013207
1102006619
1121048278
1121032943
1121033460
1121045691
1121036088
1102006311
1121022455
1102005381
1121028025
1121014463
1121031937
1102004709
1121030753
1121028806
1102006893
1102004670
1102005936
1121020129
1102003232
1102005287
1121026707
1121021919
1121044695
1121029390
1121014999
1102004439
1121033150
1102004521
1102004803
1102004192
1121030305
1121035551
1102004813
1102006627
1102006097
1102005220
1121028392
1121021439
1121033754
1121034994
1102006875
1102006236
1121036584
1102006011
1102006910
1102004147
1121033939
1102006948
1121018132
1121046816
1102003331
1121044426
1121015531
1121028841
1121033000
1102005395
1121019475
1121019298
1121044500
1121048935
1121007433
1102000156
1102006547
1102004479
1121047290
1121036709
1102005950
1102006721
1121046638
1121014477
1102006301
1121047419
1121035797
1121028236
1121034322
1121034987
1102005736
1121033802
1102005225
1102006062
1102004146
1121036223
1102006468
1121046917
1102003662
1121028954
1121047559
1102004418
1102005226
1102003430
1121010969
1102004717
1102004633
1121018994
1121021442
1121035676
1121009520
1102003874
1102003100
1121032661
1102004338
1102003684
1121046152
1102005401
1121009570
1102006032
1121020594
1102004872
1121046346
1121047807
1121036935
1102005313
1102003871
1121029730
1102005165
1121046193
1121044430
1102003562
1101014500
1121035796
1102004789
1121035108
1121047061
1121019057
1102004086
1102004452
1121023679
1102006563
1121025342
1121035270
1102006323
1102006378
1121037029
1121032233
1121028132
1121034246
1121034025
1121047891
1121046848
1102005804
1102003517
1121047740
1102006761
1121031006
1102004704
1121004255
1121032591
1121048884
1102006611
1121006326
1102004595
1121036476
1121015153
1121046325
1102003847
1121047931
1121029553
1121036556
1121034273
1121024826
1121021213
1121033369
1121047011
1102003236
1102006666
1121047227
1102006263
1121047093
1121047382
1121045940
1121010968
1121025034
1121048063
1102004607
1102003136
1102004676
1102006564
1121045368
1102005896
1121013519
1121036367
1121047782
1121046911
1121034768
1121046065
1121027875
1121011867
1102005910
1102003633
1121036704
1121047759
1102005083
1121017711
1102005305
1102006730
1121005682
1102005687
1102004747
1121036789
1102006536
1102005475
1121044163
1121044837
1102005934
1102003661
1121034541
1102005818
1121030863
1121025440
1102006402
1121047135
1102005890
1121047390
1121010226
1121026403
1121033600
1121044846
1121028099
1102005959
1102005855
1102004694
1102005939
1121031787
1121047535
1102003418
1121014989
1121047870
1102005636
1121047069
1121025330
1102003990
1102003222
1102006409
1102005625
1102004288
1121044791
1121012143
1102005009
1102006069
1121046164
1102004398
1102004299
1121044739
1121013883
1102003757
1121047697
1102006872
1102006313
1121045362
1121047602
1121007223
1121036394
1102004177
1121044708
1102005847
1102005251
1102004380
1121028763
1121021953
1102006276
1121010545
1121045722
1121010440
1121047371
1121029544
1102004457
1121049277
1121018705
1102005500
1121045894
1121047236
1102003647
1102006487
1121035913
1102006145
1121027374
1102006381
1121036859
1121044294
1121047743
1121044386
1102003756
1102006519
1102003726
1121024818
1102005081
1102004527
1102005322
1121047237
1121047887
1121011936
1121046003
1102005806
1102004107
1121047797
1102006936
1102006363
1121014940
1121021618
1121047787
1102006640
1121045793
1121045792
1121047543
1102006861
1102004030
1102005227
1102004644
1121035731
1121034338
1121047987
1121035206
1121046578
1121044809
1102006838
1102004834
1102006322
1121047121
1121045297
1102003776
1121035095
1110080288
1102006538
1121032014
1121036680
1121044884
1121046310
1121035309
1121023850
1102004247
1121046660
1121017938
1102005634
1121019203
1102003355
1102006651
1121047202
1121044467
1121026592
1121049444
1121026890
1101010213
1121035297
1121048001
1121044347
1102004501
1121046524
1102004532
1121049157
1102003098
1121036881
1121035910
1102005672
1101004719
1121032103
1102006209
1102006931
1102004896
1102007073
1121031901
1121019205
1121025210
1102006090
1102006286
1121045166
1102006512
1121045735
1121000640
1121033363
1102004298
1121006766
1121045237
1102005703
1121011953
1121032139
1121014801
1102005161
1102006149
1121047465
1102005029
1102006717
1102006846
1102006521
1102003730
1102004485
1121031696
1121046584
1102006348
1121036837
1102004716
1121025611
1121008879
1102006318
1102004295
1102004640
1121013318
1121047777
1121049294
1121035440
1121009939
1102006247
1121010769
1121021512
1121046364
1102006266
1121034551
1121008910
1101014572
1102006108
1121036323
1121045119
1121045467
1121028090
1121031748
1102004731
1121036799
1102004331
1121010939
1102003655
1121046555
1102004965
1102006346
1102004529
1121016269
1121018526
1121027353
1121049211
1102005797
1121033900
1102005197
1121044060
1121046111
1121030033
1121046131
1102004868
1121026426
1121046440
1121015532
1102006602
1121046206
1121022678
1102004349
1102005204
1121019026
1101014567
1102005429
1121046866
1102003225
1102003618
1101007692
1102006099
1121035406
1121044703
1121031466
1101014505
1121036736
1121029925
1121047532
1121044165
1121036555
1121009779
1102004944
1102005244
1121047808
1121030417
1102005719
1121029032
1121035562
1121030530
1121046680
1102006920
1121015822
1102006413
1121028359
1121020002
1121028764
1102006197
1121047893
1121032163
1121047488
1102003408
1102004800
1102004799
1102003351
1121046548
1102006852
1121025153
1102006720
1121028012
1102006111
1121046853
1121047947
1102005478
1102006746
1121046324
1121028620
1121014097
1121028437
1121011760
1121036579
1121036797
1102003306
1121033061
1121044852
1121035350
1102004594
1121035062
1102005111
1102003374
1121033562
1121047881
1102006112
1102006665
1102006540
1121047968
1121029601
1121014621
1121009103
1121006245
1101006393
1102006607
1121036366
1121029473
1121031891
1102005680
1102005126
1121047533
1121045144
1121046403
1102005717
1121036582
1102004169
1102004810
1121032222
1102006184
1121036399
1121035856
1102003537
1121033390
1121020228
1121017654
1121012342
1121018912
1121046529
1102005385
1121029817
1121045360
1102003434
1102004206
1121013208
1121033897
1121033790
1101014562
1121047198
1121047799
1102004001
1121026703
1102005268
1102005057
1102005178
1121048972
1121031460
1121036523
1121011939
1102006558
1102003940
1121028211
1121007328
1121012186
1121032382
1121046297
1121048002
1102004448
1121022045
1102005722
1121014982
1121047638
1102004798
1121047879
1102006033
1102006683
1121026849
1121022212
1121047809
1121044851
1102006711
1121033757
1121010740
1121045733
1102004407
1121044625
1121033187
1102003175
1121031374
1110090430
1102004478
1102006486
1121045215
1102005473
1102005411
1121048997
1121045199
1102006766
1121032472
1121047408
1121034488
1121047810
1102004937
1102004618
1102006153
1121031488
1102003634
1121032056
1102005090
1121033842
1121047708
1121030024
1121048975
1102004531
1121046381
1121036581
1121049242
1121026149
1121035251
1102005563
1121047860
1121035318
1121031484
1121014322
1102005585
1121025351
1121047442
1121037058
1102004062
1121030791
1121020725
1102005882
1102004549
1121049273
1121021276
1121036227
1102006722
1102005946
1102006081
1121022679
1102004031
1102005928
1102006027
1102003192
1121044497
1121012534
1102006522
1102003763
1121036099
1102006829
1102004586
1102005139
1121019347
1121047932
1121045883
1121030503
1102004984
1121015302
1102006714
1102005594
1102005393
1121014819
1121049158
1121026553
1102004938
1121035794
1102004516
1102006254
1121029382
1121020721
1102004248
1121047755
1121035618
1102005285
1121002211
1121015525
1121047664
1102004215
1102006356
1121018969
1102006331
1102006289
1121047899
1121046466
1121018112
1121032760
1121014466
1121046429
1121029605
1121044929
1121044581
1121035909
1102004399
1102004337
1102006278
1121035675
1102005332
1102005022
1121046034
1121047916
1121029088
1121047229
1102006423
1102004318
1102003816
1121048349
1121048147
1102006789
1121046879
1121045906
1102005751
1102006727
1102005975
1102003189
1121024256
1121046966
1121047792
1121047948
1102005267
1121022129
1121032189
1102005774
1121023847
1102006158
1121035903
1102004674
1121029070
1121044979
1121046392
1121030472
1102006816
1121040075
1121047656
1102004441
1102006475
1121029186
1102005696
1121018316
1102003523
1121031816
1102006544
1121023677
1121047917
1121047685
1121004829
1121034865
1121028259
1121049210
1102005368
1102004181
1121047580
1121032849
1121036028
1102006143
1102005642
1121047953
1121047723
1102005105
1121035209
1102003240
1121045705
1121026436
1121032722
1121017712
1121045994
1102006199
1121016149
1102004199
1121012533
1102003771
1102006792
1121029727
1121047578
1121021620
1102006782
1102004451
1121045905
1121036590
1102005106
1121028335
1121047912
1121026616
1102004475
1102003255
1121045091
1121024334
1121031485
1102003985
1102005180
1121018495
1121045305
1102006298
1102003218
1121047875
1121032608
1121034051
1102005988
1121030279
9700001080
1102005201
1121045833
1102006244
1102003377
1121029599
1102006460
1102006884
1121029929
1121044147
1102005808
1102006137
1121047582
1121036912
1121049302
1121036539
1121047915
1102003376
1121035504
1121036748
1121011691
1121032197
1121029923
1102003228
1121033111
1121034788
1102004841
1102005976
1121017548
1102005706
1102005306
1102004843
1102005921
1102006123
1121024925
1121047929
1121033765
1121046900
1121021353
1121044224
1102003660
1121046197
1121047556
1121024204
1121047267
1102006198
1121047733
1102006101
1121046035
1121046130
1121019044
1102006906
1102005643
1102005850
1102006121
1121028073
1121032954
1102003657
1121047124
1121023219
1121046421
1102006122
1121027058
1102006916
1102004865
1121046925
1102006556
1121048973
1102004566
1121021564
1102005098
1121035740
1102003769
1102004931
1121030782
1121045498
1121012538
1102004971
1121032409
1121046865
1121022457
1102006770
1102005248
1102003443
1121047462
1121045616
1121036084
1121023126
1102003524
1102004649
1102005863
1121022573
1102004713
1121011690
1121036358
1102006684
1121026302
1121046088
1102006775
1102003424
1102003679
1121046247
1102005389
1121023843
1121046445
1102003547
1121016706
1102004423
1102006449
1102006283
1102005848
1102006796
1121035993
1121018066
1102005495
1121034416
1121044399
1121030828
1102003183
1121045241
1102006529
1102005351
1102005492
1121036261
1121035366
1102004820
1121046899
1121015530
1121033148
1102004074
1121047101
1102006608
1102005830
1121046399
1121044610
1121027649
1121034771
1121036759
1121045457
1102006801
1102006623
1121033992
1102005828
1121047163
1121047985
1121045617
1121045263
1102004462
1102004802
1121029137
1102006147
1121032378
1102005117
1102005903
1102006703
1102005671
1121028885
1121029570
1121046546
1102006811
1121045033
1102003117
1101013826
1102006212
1102003947
1102004675
1121047117
1121045269
1121021809
1121048751
1102005933
1121014997
1121047866
1102005439
1102006911
1102005249
1121047812
1102003975
1102004225
1102006462
1102005348
1121019351
1102004561
1121040069
1102003959
9700001390
1102004591
1121035846
1121033193
1102005398
1121047727
1121047965
1102006400
1102004336
1102006645
1121047149
1121013206
1102004106
1121046184
1121047070
1102003125
1121025845
1121044817
1102003777
1102005097
1121034720
1102005565
1121047555
1121049207
1121045299
1102003752
1121045222
1121046665
1121036517
1121036321
1102005711
1102006290
1121047825
1102003906
1121017538
1121046914
1121011232
1102005794
1121047817
1102005530
1121028071
1121045767
1102004745
1121036054
1101014507
1102006154
1121044742
1121031999
1102006175
1102006070
1102004809
1102003293
1121032131
1121035399
1121033523
1121044459
1102006804
1102005811
1121020413
1102006414
1121036936
1121032637
1121046845
1121044506
1102006694
1121046806
1121046132
1121032727
1102003891
1102006886
1121045003
1121047387
1121047217
1102006803
1102004666
1102006942
1121020130
1121023415
1121047820
1121049259
1121035224
1121036046
1121047837
1121036566
1102004207
1102004415
1102003525
1121047461
1121021210
1121047858
1102005712
1102000016
1121034183
1121032381
1102004652
1102005296
1102005419
1121044284
1121016572
1102005290
1102004560
1121047683
1121036375
1121044141
1102006391
1121035515
1121022944
1121047605
1121027004
1102005725
1121033755
1121047993
1121013597
1102004752
1121035129
1121044772
1121010231
1121045603
1121047426
1121020450
1102005254
1121046846
1121026073
1121047263
1121025785
1102005360
1121046045
1121025043
1102004311
1121036836
1121044726
1102003350
1121046999
1102005878
1121032721
1121027994
1102006192
1121023538
1121035207
1121035280
1102003190
1102004504
1121026303
1121046167
1102004792
1121047546
1121047001
1121045335
1102006454
1121027083
1121034951
1121047175
1121046544
1102005410
1121047089
1121018229
1121012067
1121032126
1121049310
1121029061
1121045670
1121034368
1121007217
1121045332
1121030546
1121047790
1102004681
1102005535
1102005031
1102005783
1121046405
1102004328
1121046702
1121047342
1102005815
1121026212
1102003451
1121032848
1121012066
1121026709
1102006474
1121047779
1121047173
1121046419
1121047924
1102003490
1121018728
1121034778
1121046162
1102004684
1102003787
1102005883
1121047341
1121036966
1121045671
1121046446
1121022533
1102005817
1102004656
1102006550
1102004880
1121048372
1102005486
1121033304
1121040067
1102004776
1102005775
1102004582
1121045857
1102005213
1102003288
1121047702
1121036967
1121015913
1102004330
1121012273
1102004989
1121031862
1121036710
1102006233
1121047781
1121031576
1121044744
1121031421
1121047853
1121049269
1121047801
1102005659
1121031099
1121025859
1121016575
1121044099
1102003124
1102005665
1102005093
1102004522
1102005399
1121035441
1103000459
1121033003
1102005464
1121046051
1121045449
1121025205
1102006159
1102004409
1121021214
1121033938
1121046138
1121033611
1121026845
1121036222
1102006294
1121030729
1102006753
1102006196
1102005852
1121027920
1102005784
1121016940
1121046767
1102004691
1102006791
1102003974
1121045012
1121006247
1121044790
1102005763
1121016313
1121044990
1121021621
1105000006
1121014876
1121023844
1121045842
1121028596
1121030645
1121044461
1102005477
1102003785
1102004886
1121031884
1121045239
1121035445
1121044397
1102007106
1121046582
1121047814
1121047734
1102005992
1121031003
1102006794
1121031324
1102005824
1102003170
1102004979
1102003273
1121031621
1121037028
1102006138
1102006830
1102005073
1121046345
1102005902
1102006759
1145000328
1102003663
1121047675
1101014566
1102004923
1121045675
1102005937
1121035089
1102003989
1121035904
1121044189
1121046214
1102006259
1121011465
1121028089
1121044926
1102005233
1102005237
1102007072
1121031938
1121044290
1121017809
1102004988
1102005596
1102004081
1102005620
1121049010
1121017167
1102006018
1121017626
1121046090
1121045623
1121034866
1121021329
1121027847
1121047959
1121026128
1121033580
1102006655
1121045567
1102005953
1121049196
1102004476
1121013204
1102003361
1102003194
1102006633
1121047022
1102004715
1121047039
1121044428
1102006140
1102004228
1102004891
1102003544
1102003601
1121035929
1102005795
1102005413
1102003248
1121047725
1121044774
1121029455
1102003080
1102005507
1102005793
1102005263
1102004124
1121036860
1102006116
1121045117
1121034824
1102004735
1102006726
1102004739
1121031936
1102004963
1121046681
1121045709
1121030996
1121048505
1102004955
1102003211
1102003142
1102006293
1121029622
1121049160
1102003161
1121047067
1102005652
1121046580
1121015823
1102003289
1121045171
1121022723
1121046485
1102005723
1121046236
1121046351
1102006999
1102005820
1121035261
1102004304
1102003379
1102006902
1121046017
1121047503
1121036233
1121047448
1102004069
1121047169
1121024766
1121021212
1121011871
1121018012
1121046625
1102004045
1121048266
1121035170
1121046404
1102004466
1102004188
1121022767
1121045053
1121027057
1102006752
1102006795
1121046952
1121047281
1121015708
1121020800
1102005169
1121047048
1121047368
1121016577
1102004629
1102005647
1102004621
1121047000
1121036706
1121036307
1121008403
1102004961
1102007103
1102005582
1102003285
1102006601
1121008661
1121044699
1121030748
1102006179
1121022880
1121025604
1121044468
1121035610
1121033037
1121046543
1121047738
1102006275
1121030113
1121015174
1121029134
1102006810
1102004019
1121020977
1102005452
1102003482
1102003470
1102004239
1102005987
1102005870
9700001389
1121031861
1101014510
1121047928
1102004275
1102004836
1121046516
1121035632
1121047367
1102004196
1121034702
1102005005
1121045429
1121045683
1101014337
1102006063
1121029398
1121045491
1121017656
1102003579
1121017807
1102006050
1102003883
1102005540
1102004156
1121049459
1121036287
1121024742
1102005179
1121020946
1102006871
1121030872
1121047554
1121011456
1102005906
1121010544
1121020662
1121021565
1121047794
1121016992
1121035213
1102003111
1121045626
1121016567
1102005304
1102006618
1102005449
1121047063
1102006059
1121028865
1121008082
1102003280
1102004945
1102005622
1102004163
1102006341
1102003917
1121047827
1102005798
1102006915
1121012339
1121036825
1121034941
1102006880
1121044666
1121032735
1121047877
1121031492
1121030117
1102004908
1102003941
1102005215
1102004140
1121027055
1102005867
1102006604
1121031265
1121033719
1102004340
1121045749
1102003931
1121035219
1121046570
1121044892
1121009887
1102005744
1121046412
1102003365
1121045221
1121046786
1102006380
1102003336
1102004497
1121015000
1121012995
1121045787
1102006087
1102004332
1121023549
1121020057
1121031818
1102005874
1102006635
1121029145
1121036101
1102005876
1121024795
1121015001
1121046862
1121048220
1102004260
1121046254
1102005043
1102006146
1102004416
323
